00100000000100000000000000000000
00100000000100010000000000100100
00100000000100100000000001001000
00000000000000000000000000000000
00000000000000000000000000000000
00100000000010000000000000000000
00000000000000000000000000000000
00000000000000000000000000000000
00101001000010010000000000000011
00000000000000000000000000000000
00000000000000000000000000000000
00010001001000000000000010000110
00000000000000000000000000000000
00000000000000000000000000000000
00100000000010100000000000000000
00000000000000000000000000000000
00000000000000000000000000000000
00101001010010110000000000000011
00000000000000000000000000000000
00000000000000000000000000000000
00010001011000000000000001110110
00000000000000000000000000000000
00000000000000000000000000000000
00100000000011000000000000000000
00000000000000000000000000000000
00000000000000000000000000000000
00101001100011010000000000000011
00000000000000000000000000000000
00000000000000000000000000000000
00010001101000000000000001100110
00000000000000000000000000000000
00000000000000000000000000000000
00000001100011001100000000100000
00000000000000000000000000000000
00000000000000000000000000000000
00000011000011001100000000100000
00000000000000000000000000000000
00000000000000000000000000000000
00000011000010101100000000100000
00000000000000000000000000000000
00000000000000000000000000000000
00000011000110001100000000100000
00000000000000000000000000000000
00000000000000000000000000000000
00000011000110001100000000100000
00000000000000000000000000000000
00000000000000000000000000000000
00000011000100011100000000100000
00000000000000000000000000000000
00000000000000000000000000000000
10001111000110010000000000000000
00000000000000000000000000000000
00000000000000000000000000000000
00000000000000000000000000000000
00100000000100110000000000000000
00000000000000000000000000000000
00000000000000000000000000000000
00100000000011100000000000000000
00000000000000000000000000000000
00000000000000000000000000000000
00000001110110010111100000101010
00000000000000000000000000000000
00000000000000000000000000000000
00010001111000000000000000100001
00000000000000000000000000000000
00000000000000000000000000000000
00000001000010001010000000100000
00000000000000000000000000000000
00000000000000000000000000000000
00000010100010001010000000100000
00000000000000000000000000000000
00000000000000000000000000000000
00000010100011001010000000100000
00000000000000000000000000000000
00000000000000000000000000000000
00000010100101001010000000100000
00000000000000000000000000000000
00000000000000000000000000000000
00000010100101001010000000100000
00000000000000000000000000000000
00000000000000000000000000000000
00000010000101001010000000100000
00000000000000000000000000000000
00000000000000000000000000000000
10001110100101010000000000000000
00000000000000000000000000000000
00000000000000000000000000000000
00000000000000000000000000000000
00000010011101011001100000100000
00000000000000000000000000000000
00000000000000000000000000000000
00100001110011100000000000000001
00000000000000000000000000000000
00000000000000000000000000000000
00001000000000000000000000111100
00000000000000000000000000000000
00000000000000000000000000000000
00000000000000000000000000000000
00000001000010001011000000100000
00000000000000000000000000000000
00000000000000000000000000000000
00000010110010001011000000100000
00000000000000000000000000000000
00000000000000000000000000000000
00000010110010101011000000100000
00000000000000000000000000000000
00000000000000000000000000000000
00000010110101101011000000100000
00000000000000000000000000000000
00000000000000000000000000000000
00000010110101101011000000100000
00000000000000000000000000000000
00000000000000000000000000000000
00000010010101101011000000100000
00000000000000000000000000000000
00000000000000000000000000000000
10001110110101110000000000000000
00000000000000000000000000000000
00000000000000000000000000000000
00000000000000000000000000000000
00000010111100111011100000100000
00000000000000000000000000000000
00000000000000000000000000000000
10101110110101110000000000000000
00000000000000000000000000000000
00000000000000000000000000000000
00100001100011000000000000000001
00000000000000000000000000000000
00000000000000000000000000000000
00001000000000000000000000011010
00000000000000000000000000000000
00000000000000000000000000000000
00000000000000000000000000000000
00100001010010100000000000000001
00000000000000000000000000000000
00000000000000000000000000000000
00001000000000000000000000010001
00000000000000000000000000000000
00000000000000000000000000000000
00000000000000000000000000000000
00100001000010000000000000000001
00000000000000000000000000000000
00000000000000000000000000000000
00001000000000000000000000001000
00000000000000000000000000000000
00000000000000000000000000000000
00000000000000000000000000000000
00000000000000000000000000000000
00000000000000000000000000000000
